Wavelength  g-factor  CD  Absorbance
900.0000	0.00141676	23.0008	0.492262
899.0000	0.00149482	23.3421	0.473477
898.0000	0.00152091	23.2708	0.463936
897.0000	0.0015484	23.4771	0.459738
896.0000	0.00136637	20.7258	0.459931
895.0000	0.00134223	20.4391	0.461724
894.0000	0.00137648	21.0786	0.464323
893.0000	0.00141	21.6703	0.466011
892.0000	0.00146979	22.6571	0.46741
891.0000	0.00148514	22.9598	0.468758
890.0000	0.00163347	25.3506	0.470572
889.0000	0.00165763	25.8255	0.472402
888.0000	0.00167873	26.2917	0.474883
887.0000	0.00155161	24.4307	0.477422
886.0000	0.00139753	22.0982	0.479451
885.0000	0.00150653	23.9778	0.482592
884.0000	0.00169432	27.142	0.485733
883.0000	0.00171775	27.695	0.488868
882.0000	0.00173587	28.1921	0.492447
881.0000	0.00179753	29.3748	0.495504
880.0000	0.00175466	28.8696	0.498881
879.0000	0.00175241	29.0536	0.502705
878.0000	0.00175399	29.2636	0.505883
877.0000	0.00178064	29.9059	0.509248
876.0000	0.0018408	31.0539	0.511514
875.0000	0.00160794	27.2469	0.513802
874.0000	0.00156768	26.6674	0.515789
873.0000	0.0015713	26.9168	0.519415
872.0000	0.00162633	28.0872	0.52366
871.0000	0.00176076	30.6444	0.527717
870.0000	0.00182029	32.1602	0.535705
869.0000	0.00189614	33.8788	0.541761
868.0000	0.00181161	32.754	0.548213
867.0000	0.00180934	32.8397	0.550336
866.0000	0.00183109	33.2987	0.5514
865.0000	0.00191541	34.8165	0.551155
864.0000	0.00189684	34.4072	0.550008
863.0000	0.00191	34.5856	0.54905
862.0000	0.00189791	34.3169	0.548254
861.0000	0.00191512	34.4395	0.545268
860.0000	0.00189538	33.9032	0.542365
859.0000	0.0018918	33.6733	0.539711
858.0000	0.00189588	33.6938	0.538875
857.0000	0.00184175	32.7233	0.538735
856.0000	0.00183896	32.6042	0.537588
855.0000	0.00183724	32.4073	0.534844
854.0000	0.00187662	32.9162	0.531842
853.0000	0.00186285	32.5461	0.529749
852.0000	0.00183877	32.1027	0.529376
851.0000	0.00183541	32.0919	0.530166
850.0000	0.00184938	32.3354	0.530153
849.0000	0.00184843	32.2842	0.529588
848.0000	0.00186848	32.6227	0.529397
847.0000	0.00186025	32.5773	0.530998
846.0000	0.00184733	32.3734	0.531364
845.0000	0.00183219	32.208	0.53302
844.0000	0.00178279	31.4044	0.534121
843.0000	0.0017317	30.5943	0.535694
842.0000	0.00169371	29.9288	0.535795
841.0000	0.00165586	29.14	0.5336
840.0000	0.00168278	29.3957	0.52967
839.0000	0.00166268	28.9177	0.527357
838.0000	0.00167625	28.9758	0.524137
837.0000	0.0017057	29.3337	0.52145
836.0000	0.00170719	29.2197	0.518972
835.0000	0.00165685	28.2006	0.516088
834.0000	0.00163862	27.7793	0.514033
833.0000	0.00163859	27.6911	0.512411
832.0000	0.00169591	28.5853	0.51108
831.0000	0.00170076	28.6083	0.510032
830.0000	0.00168015	28.1547	0.508104
829.0000	0.00162959	27.2099	0.506289
828.0000	0.00160691	26.7065	0.503934
827.0000	0.00160352	26.5443	0.501935
826.0000	0.00163431	26.949	0.499987
825.0000	0.00164949	27.0726	0.497657
824.0000	0.00164214	26.8498	0.49577
823.0000	0.00159485	25.9786	0.493906
822.0000	0.00160416	26.0646	0.492666
821.0000	0.00161618	26.1772	0.491114
820.0000	0.00163422	26.4139	0.490085
819.0000	0.00164741	26.5597	0.488845
818.0000	0.00162575	26.169	0.488072
817.0000	0.00156074	25.0519	0.486698
816.0000	0.00155239	24.8204	0.484795
815.0000	0.00150327	23.9579	0.483237
814.0000	0.00149478	23.7622	0.482014
813.0000	0.00151997	24.0826	0.480416
812.0000	0.00155382	24.5693	0.479447
811.0000	0.00155695	24.5099	0.477328
810.0000	0.00157988	24.818	0.476311
809.0000	0.00155272	24.3379	0.475268
808.0000	0.00154958	24.2584	0.474678
807.0000	0.00153296	23.9509	0.473742
806.0000	0.00150071	23.3747	0.472277
805.0000	0.0015088	23.4421	0.471099
804.0000	0.00147025	22.77	0.469593
803.0000	0.0014972	23.1574	0.468987
802.0000	0.00147073	22.6603	0.467178
801.0000	0.0014645	22.4799	0.465428
800.0000	0.00146054	22.314	0.463249
799.0000	0.00143636	21.8887	0.46207
798.0000	0.00142638	21.6872	0.461017
797.0000	0.00140863	21.3734	0.460071
796.0000	0.00141866	21.4395	0.458233
795.0000	0.00139542	21.01	0.45653
794.0000	0.0013886	20.8285	0.45481
793.0000	0.00137684	20.5954	0.453559
792.0000	0.00137427	20.4859	0.451992
791.0000	0.00133883	19.9047	0.450798
790.0000	0.001318	19.476	0.448056
789.0000	0.00131342	19.3435	0.446562
788.0000	0.00133296	19.5965	0.445768
787.0000	0.00132401	19.4779	0.446068
786.0000	0.00132937	19.5639	0.446229
785.0000	0.00132183	19.4956	0.44721
784.0000	0.00129289	19.0605	0.447015
783.0000	0.00127033	18.7308	0.447083
782.0000	0.00124067	18.244	0.445874
781.0000	0.00122939	18.0008	0.443969
780.0000	0.00120512	17.6139	0.443175
779.0000	0.00121644	17.7476	0.442383
778.0000	0.00122766	17.8732	0.441442
777.0000	0.00123113	17.8849	0.440487
776.0000	0.00125018	18.0854	0.438634
775.0000	0.00122843	17.7051	0.437016
774.0000	0.00121145	17.4101	0.435758
773.0000	0.00119778	17.1909	0.435181
772.0000	0.00118816	17.0089	0.434062
771.0000	0.00118556	16.933	0.43307
770.0000	0.00116724	16.6021	0.431271
769.0000	0.00114488	16.2379	0.43005
768.0000	0.00113107	16.0079	0.429138
767.0000	0.00112691	15.9151	0.428221
766.0000	0.00113291	15.9576	0.427093
765.0000	0.001134	15.9549	0.42661
764.0000	0.00111227	15.5957	0.425152
763.0000	0.00107795	15.1089	0.424996
762.0000	0.00105243	14.7028	0.4236
761.0000	0.00103797	14.4579	0.422348
760.0000	0.00104369	14.5138	0.421657
759.0000	0.00105	14.5773	0.420957
758.0000	0.00105898	14.6988	0.420866
757.0000	0.00103917	14.4062	0.420353
756.0000	0.00102034	14.1326	0.41998
755.0000	0.000994082	13.741	0.419126
754.0000	0.000967057	13.3484	0.41853
753.0000	0.00096762	13.3567	0.418548
752.0000	0.000963699	13.2694	0.417501
751.0000	0.000975554	13.4086	0.416755
750.0000	0.000938619	12.9003	0.416735
749.0000	0.000905865	12.4491	0.416699
748.0000	0.000860669	11.8342	0.416918
747.0000	0.000854848	11.7314	0.416111
746.0000	0.000861458	11.808	0.415614
745.0000	0.000842444	11.5121	0.414346
744.0000	0.000834497	11.384	0.413638
743.0000	0.000788973	10.746	0.412986
742.0000	0.000808727	11.0059	0.412643
741.0000	0.000815406	11.0772	0.411914
740.0000	0.000799717	10.8361	0.410853
739.0000	0.000768193	10.3787	0.409658
738.0000	0.000727086	9.79255	0.408375
737.0000	0.000733029	9.8566	0.407713
736.0000	0.000737907	9.89217	0.40648
735.0000	0.000716398	9.58646	0.405745
734.0000	0.000691113	9.26282	0.40639
733.0000	0.000660049	8.85311	0.406695
732.0000	0.000661811	8.87928	0.406811
731.0000	0.000638781	8.5583	0.406242
730.0000	0.000617924	8.27825	0.406212
729.0000	0.000598459	8.03999	0.407353
728.0000	0.000595786	7.99009	0.40664
727.0000	0.000589437	7.90149	0.406463
726.0000	0.000555049	7.42907	0.405838
725.0000	0.000543315	7.26249	0.405306
724.0000	0.000531471	7.09276	0.404655
723.0000	0.000532823	7.1099	0.404604
722.0000	0.000523426	6.96614	0.40354
721.0000	0.000516705	6.83233	0.400937
720.0000	0.000505284	6.66232	0.399797
719.0000	0.000472371	6.22522	0.399596
718.0000	0.000419302	5.53915	0.400558
717.0000	0.000393652	5.20169	0.400665
716.0000	0.000359452	4.74594	0.400342
715.0000	0.000370113	4.87659	0.399513
714.0000	0.000359731	4.73781	0.399345
713.0000	0.000343638	4.52679	0.399428
712.0000	0.000332326	4.39113	0.400646
711.0000	0.000295551	3.89847	0.399955
710.0000	0.000264562	3.49907	0.401028
709.0000	0.000233612	3.09672	0.401935
708.0000	0.000208916	2.77322	0.402498
707.0000	0.000196949	2.6161	0.402765
706.0000	0.00017291	2.30251	0.403767
705.0000	0.000171262	2.28593	0.404718
704.0000	0.000150951	2.01901	0.405556
703.0000	0.000156766	2.09811	0.405813
702.0000	0.000134567	1.79879	0.405312
701.0000	9.45385E-005	1.26631	0.406143
700.0000	7.8328E-005	1.05141	0.407009
699.0000	4.45433E-005	0.598282	0.407261
698.0000	2.29648E-005	0.308231	0.40697
697.0000	5.71999E-006	0.0768057	0.407143
696.0000	-1.83132E-005	-0.245626	0.406686
695.0000	-3.79047E-005	-0.508429	0.406712
694.0000	-7.44668E-005	-0.998271	0.406476
693.0000	-0.000100726	-1.35042	0.406517
692.0000	-0.00015185	-2.03442	0.406231
691.0000	-0.00019698	-2.64044	0.406447
690.0000	-0.0002152	-2.88346	0.406276
689.0000	-0.000226779	-3.03985	0.406442
688.0000	-0.000252052	-3.38563	0.407286
687.0000	-0.000254094	-3.42234	0.408393
686.0000	-0.000285782	-3.86716	0.410305
685.0000	-0.000291506	-3.953	0.411178
684.0000	-0.000337112	-4.57888	0.411846
683.0000	-0.000348886	-4.74564	0.41244
682.0000	-0.000371042	-5.06116	0.413596
681.0000	-0.000393914	-5.37472	0.413717
680.0000	-0.000438783	-5.99062	0.413972
679.0000	-0.000454907	-6.21659	0.414361
678.0000	-0.000482408	-6.5979	0.414707
677.0000	-0.000513234	-7.02635	0.41511
676.0000	-0.000562361	-7.71721	0.416097
675.0000	-0.000597352	-8.19291	0.41587
674.0000	-0.000628315	-8.62753	0.41635
673.0000	-0.000652326	-8.98225	0.417513
672.0000	-0.000692644	-9.58061	0.419404
671.0000	-0.000722902	-10.0328	0.420816
670.0000	-0.00076293	-10.6221	0.422158
669.0000	-0.000786014	-11.0127	0.424826
668.0000	-0.000828449	-11.6573	0.426661
667.0000	-0.000873083	-12.3279	0.428136
666.0000	-0.000918468	-12.9891	0.428809
665.0000	-0.000924112	-13.1035	0.429944
664.0000	-0.000951998	-13.5426	0.431335
663.0000	-0.00097424	-13.8993	0.432591
662.0000	-0.00101556	-14.527	0.43373
661.0000	-0.00104601	-15.0318	0.435736
660.0000	-0.001081	-15.5982	0.43752
659.0000	-0.00110779	-16.0677	0.439791
658.0000	-0.00114845	-16.7186	0.441405
657.0000	-0.00118114	-17.2216	0.442102
656.0000	-0.00122766	-17.9356	0.442982
655.0000	-0.00127287	-18.6361	0.443936
654.0000	-0.00133155	-19.5893	0.446079
653.0000	-0.00137575	-20.338	0.448247
652.0000	-0.00142103	-21.118	0.450609
651.0000	-0.00146168	-21.8285	0.452816
650.0000	-0.0014862	-22.315	0.455269
649.0000	-0.00151825	-22.9289	0.457919
648.0000	-0.00154577	-23.4429	0.459851
647.0000	-0.00159625	-24.3332	0.462218
646.0000	-0.00164381	-25.1718	0.464314
645.0000	-0.00169714	-26.1499	0.467198
644.0000	-0.00173773	-26.9241	0.469795
643.0000	-0.00177892	-27.7276	0.472612
642.0000	-0.00181784	-28.4793	0.475032
641.0000	-0.00185246	-29.1404	0.476974
640.0000	-0.00189555	-29.9181	0.478575
639.0000	-0.00193392	-30.6211	0.4801
638.0000	-0.00198344	-31.5016	0.481574
637.0000	-0.00204342	-32.6264	0.484129
636.0000	-0.00208303	-33.4897	0.487489
635.0000	-0.00212483	-34.4155	0.49111
634.0000	-0.00215555	-35.1608	0.494596
633.0000	-0.00220456	-36.1069	0.496611
632.0000	-0.00224543	-36.9604	0.499099
631.0000	-0.00229357	-37.9378	0.501544
630.0000	-0.00234571	-39.0148	0.504319
629.0000	-0.00238801	-39.8816	0.506391
628.0000	-0.00243054	-40.832	0.509386
627.0000	-0.00247823	-41.8385	0.511898
626.0000	-0.00252829	-43.004	0.515741
625.0000	-0.00259086	-44.2095	0.517393
624.0000	-0.00264267	-45.422	0.521163
623.0000	-0.00268119	-46.3627	0.524313
622.0000	-0.00272308	-47.4301	0.528133
621.0000	-0.00276182	-48.4287	0.531688
620.0000	-0.0028058	-49.485	0.534769
619.0000	-0.00284213	-50.4177	0.537883
618.0000	-0.00289799	-51.6377	0.540281
617.0000	-0.00293977	-52.6996	0.543554
616.0000	-0.0029811	-53.7907	0.547116
615.0000	-0.00302913	-54.9729	0.550275
614.0000	-0.00307615	-56.1663	0.553627
613.0000	-0.00312366	-57.3526	0.556723
612.0000	-0.00316814	-58.6051	0.560894
611.0000	-0.00321414	-59.9558	0.565609
610.0000	-0.00325519	-61.2733	0.570748
609.0000	-0.00328892	-62.473	0.575955
608.0000	-0.0033081	-63.307	0.580261
607.0000	-0.00333526	-64.256	0.584162
606.0000	-0.00335641	-65.1351	0.588423
605.0000	-0.00338202	-66.0412	0.59209
604.0000	-0.00340923	-67.0777	0.596583
603.0000	-0.00344584	-68.1875	0.600011
602.0000	-0.00347188	-69.246	0.604755
601.0000	-0.00349164	-70.2722	0.610244
600.0000	-0.00351578	-71.2365	0.61437
599.0000	-0.00353555	-72.1153	0.618471
598.0000	-0.00355435	-72.9832	0.622604
597.0000	-0.00357127	-73.7443	0.626118
596.0000	-0.00357839	-74.5214	0.631456
595.0000	-0.00357969	-74.9727	0.635049
594.0000	-0.00358039	-75.472	0.639153
593.0000	-0.00357106	-75.7125	0.642865
592.0000	-0.00357938	-76.3282	0.646587
591.0000	-0.00357751	-76.7101	0.650162
590.0000	-0.00356615	-76.9461	0.654239
589.0000	-0.00354657	-77.0189	0.658474
588.0000	-0.00352643	-76.9786	0.661888
587.0000	-0.00351672	-77.1217	0.664949
586.0000	-0.00349586	-76.986	0.667739
585.0000	-0.00346961	-76.7707	0.67091
584.0000	-0.00342698	-76.1405	0.67368
583.0000	-0.00338414	-75.5436	0.676859
582.0000	-0.00333682	-74.8554	0.680205
581.0000	-0.00328422	-74.0258	0.68344
580.0000	-0.00322848	-73.1885	0.687375
579.0000	-0.00317459	-72.1662	0.68928
578.0000	-0.00310925	-70.9939	0.692332
577.0000	-0.00304474	-69.5665	0.692787
576.0000	-0.00298183	-68.2359	0.693871
575.0000	-0.00290613	-66.5926	0.694802
574.0000	-0.00283754	-65.1243	0.695907
573.0000	-0.00275444	-63.3489	0.697357
572.0000	-0.00266693	-61.5037	0.699261
571.0000	-0.00258073	-59.5851	0.700074
570.0000	-0.00249385	-57.6789	0.701287
569.0000	-0.00239307	-55.3733	0.701608
568.0000	-0.0022989	-53.2212	0.701964
567.0000	-0.00220848	-51.0933	0.701487
566.0000	-0.00212608	-49.1261	0.700618
565.0000	-0.0020352	-46.9495	0.699475
564.0000	-0.00193759	-44.6678	0.699007
563.0000	-0.00183212	-42.1577	0.697708
562.0000	-0.00172937	-39.7537	0.697012
561.0000	-0.00163215	-37.451	0.695751
560.0000	-0.00154077	-35.2464	0.693629
559.0000	-0.0014453	-32.9649	0.691579
558.0000	-0.00134723	-30.6441	0.689692
557.0000	-0.00125213	-28.4123	0.688029
556.0000	-0.00116684	-26.3704	0.685263
555.0000	-0.00108708	-24.4673	0.682456
554.0000	-0.00100685	-22.55	0.679099
553.0000	-0.000923492	-20.5925	0.676122
552.0000	-0.00084398	-18.7395	0.673248
551.0000	-0.000770046	-17.0116	0.669852
550.0000	-0.000698126	-15.3502	0.6667
549.0000	-0.000637558	-13.9459	0.663247
548.0000	-0.000573124	-12.4717	0.659823
547.0000	-0.000513099	-11.0914	0.65544
546.0000	-0.000448257	-9.63267	0.651581
545.0000	-0.000399314	-8.52325	0.647203
544.0000	-0.000354095	-7.51883	0.643842
543.0000	-0.000310314	-6.55084	0.640096
542.0000	-0.000270968	-5.68957	0.636664
541.0000	-0.000226036	-4.71453	0.632427
540.0000	-0.000195756	-4.05262	0.627727
539.0000	-0.000164321	-3.37744	0.623225
538.0000	-0.000134551	-2.74826	0.619325
537.0000	-0.000108436	-2.20037	0.615282
536.0000	-8.77328E-005	-1.76616	0.610403
535.0000	-6.15084E-005	-1.22891	0.605808
534.0000	-3.85355E-005	-0.764834	0.601805
533.0000	-2.35943E-005	-0.465279	0.597938
532.0000	-1.94843E-005	-0.381305	0.593387
531.0000	-1.62033E-005	-0.315053	0.589563
530.0000	-1.76397E-005	-0.340619	0.5855
529.0000	-1.24576E-005	-0.23878	0.581184
528.0000	-3.40407E-006	-0.0646536	0.575897
527.0000	7.64757E-006	0.144128	0.571446
526.0000	1.75487E-005	0.328001	0.566734
525.0000	2.76368E-005	0.513909	0.56383
524.0000	2.73086E-005	0.505192	0.560927
523.0000	2.61814E-005	0.48036	0.556318
522.0000	3.30366E-005	0.601723	0.552269
521.0000	2.70973E-005	0.48959	0.547842
520.0000	2.86487E-005	0.514564	0.544609
519.0000	3.44838E-005	0.615316	0.541044
518.0000	3.0115E-005	0.53326	0.536915
517.0000	2.61707E-005	0.459942	0.532889
516.0000	1.1086E-005	0.19374	0.529896
515.0000	-2.50704E-006	-0.0435766	0.527037
514.0000	-8.09421E-006	-0.139854	0.523903
513.0000	-7.34733E-006	-0.126307	0.521253
512.0000	-5.74392E-006	-0.0980341	0.517509
511.0000	-1.04636E-005	-0.177371	0.513989
510.0000	-2.31976E-005	-0.391313	0.511482
509.0000	-3.18674E-005	-0.533806	0.50791
508.0000	-3.56161E-005	-0.594067	0.505754
507.0000	-3.76243E-005	-0.624197	0.503041
506.0000	-4.26954E-005	-0.705098	0.500746
505.0000	-4.4604E-005	-0.733125	0.498373
504.0000	-4.26042E-005	-0.698167	0.496885
503.0000	-5.27606E-005	-0.861679	0.495205
502.0000	-6.36744E-005	-1.03579	0.49324
501.0000	-7.43956E-005	-1.20568	0.491399
500.0000	-8.27403E-005	-1.33692	0.489935
499.0000	-8.93958E-005	-1.44005	0.488438
498.0000	-9.8284E-005	-1.58126	0.487831
497.0000	-0.000103462	-1.66354	0.487532
496.0000	-0.000114617	-1.84071	0.486954
495.0000	-0.000121346	-1.94614	0.486293
494.0000	-0.000129536	-2.07532	0.485785
493.0000	-0.000138477	-2.21597	0.485216
492.0000	-0.000142471	-2.27899	0.485027
491.0000	-0.000146486	-2.34208	0.484791
490.0000	-0.000151566	-2.41913	0.483957
489.0000	-0.000157114	-2.50769	0.483959
488.0000	-0.000167363	-2.6698	0.483693
487.0000	-0.000166169	-2.65526	0.484513
486.0000	-0.000166829	-2.67091	0.485441
485.0000	-0.000166919	-2.67758	0.48639
484.0000	-0.000180043	-2.89303	0.48722
483.0000	-0.000184626	-2.9709	0.487915
482.0000	-0.000192767	-3.10514	0.488426
481.0000	-0.000194744	-3.13431	0.488009
480.0000	-0.00019882	-3.19474	0.48722
479.0000	-0.000198136	-3.18025	0.486684
478.0000	-0.000200093	-3.21101	0.486585
477.0000	-0.000206403	-3.31364	0.486787
476.0000	-0.000215355	-3.45276	0.48614
475.0000	-0.00022016	-3.53025	0.486201
474.0000	-0.000225028	-3.60985	0.486409
473.0000	-0.000225548	-3.62216	0.486942
472.0000	-0.000221352	-3.55546	0.487037
471.0000	-0.000221334	-3.5587	0.487521
470.0000	-0.000218965	-3.53183	0.489074
469.0000	-0.000216891	-3.50908	0.49057
468.0000	-0.000220237	-3.57553	0.492266
467.0000	-0.000221981	-3.60628	0.492599
466.0000	-0.00023191	-3.77702	0.493831
465.0000	-0.000231396	-3.7758	0.494769
464.0000	-0.000231416	-3.78649	0.496127
463.0000	-0.000233252	-3.82369	0.497058
462.0000	-0.000236623	-3.8863	0.497999
461.0000	-0.000234448	-3.86548	0.499926
460.0000	-0.000235481	-3.89485	0.501516
459.0000	-0.000236172	-3.90951	0.501931
458.0000	-0.000242825	-4.02423	0.502503
457.0000	-0.000241928	-4.011	0.502708
456.0000	-0.00023858	-3.9758	0.505288
455.0000	-0.000229052	-3.82432	0.506254
454.0000	-0.000222431	-3.72055	0.50718
453.0000	-0.000227414	-3.81476	0.508628
452.0000	-0.000230344	-3.86809	0.509177
451.0000	-0.000232086	-3.9133	0.511262
450.0000	-0.000237092	-3.99988	0.51154
449.0000	-0.000238392	-4.03005	0.512588
448.0000	-0.000242328	-4.10125	0.51317
447.0000	-0.00024697	-4.18287	0.513547
446.0000	-0.000251583	-4.26511	0.514042
445.0000	-0.000257325	-4.36114	0.513887
444.0000	-0.000255572	-4.32844	0.513532
443.0000	-0.000247733	-4.20251	0.514368
442.0000	-0.000249125	-4.23621	0.515596
441.0000	-0.000240478	-4.10927	0.51813
440.0000	-0.000247276	-4.22482	0.518055
439.0000	-0.000247015	-4.23223	0.519512
438.0000	-0.000249778	-4.28336	0.51997
437.0000	-0.000249668	-4.29095	0.521121
436.0000	-0.000254757	-4.37083	0.52022
435.0000	-0.00024738	-4.24812	0.520692
434.0000	-0.000252256	-4.33452	0.521013
433.0000	-0.000248396	-4.27983	0.522434
432.0000	-0.000245022	-4.22883	0.523317
431.0000	-0.000244943	-4.23651	0.524436
430.0000	-0.000243838	-4.22611	0.52552
429.0000	-0.000243239	-4.22558	0.526748
428.0000	-0.00024156	-4.20251	0.527514
427.0000	-0.000234512	-4.08474	0.52814
426.0000	-0.000233163	-4.06243	0.528294
425.0000	-0.000232749	-4.05675	0.528493
424.0000	-0.000233502	-4.07549	0.529222
423.0000	-0.000236192	-4.12127	0.529072
422.0000	-0.000238089	-4.16445	0.530357
421.0000	-0.000233588	-4.0939	0.531418
420.0000	-0.000232214	-4.07978	0.532717
419.0000	-0.000229634	-4.04101	0.533584
418.0000	-0.000233538	-4.11178	0.533852
417.0000	-0.000231167	-4.07715	0.534787
416.0000	-0.000236179	-4.17286	0.535725
415.0000	-0.000230833	-4.08849	0.53705
414.0000	-0.00022971	-4.06965	0.537188
413.0000	-0.00022635	-4.01753	0.53818
412.0000	-0.000216866	-3.85226	0.538608
411.0000	-0.000212468	-3.7772	0.539047
410.0000	-0.000211107	-3.75944	0.539971
409.0000	-0.000216634	-3.86408	0.54084
408.0000	-0.00021706	-3.88174	0.542247
407.0000	-0.000217319	-3.89212	0.543047
406.0000	-0.000218338	-3.91696	0.543962
405.0000	-0.000215953	-3.88141	0.544978
404.0000	-0.000209902	-3.76464	0.543823
403.0000	-0.000206715	-3.71095	0.544328
402.0000	-0.000202884	-3.63893	0.543844
401.0000	-0.000205805	-3.69647	0.544602
400.0000	-0.000202714	-3.64838	0.545714
