Wavelength  g-factor  CD  Absorbance
900.0000  0.0370948 443.878	0.362828
899.0000	0.0371226	433.129	0.353775
898.0000	0.0372602	429.168	0.349246
897.0000	0.0378047	432.949	0.347248
896.0000	0.0380586	436.054	0.347406
895.0000	0.0385805	443.978	0.348934
894.0000	0.0387126	447.367	0.350398
893.0000	0.0387648	449.845	0.351863
892.0000	0.0389151	452.945	0.352921
891.0000	0.0391525	457.15	0.354038
890.0000	0.0398049	465.71	0.354755
889.0000	0.0402185	472.356	0.356117
888.0000	0.0404644	477.794	0.358028
887.0000	0.0407248	483.322	0.359855
886.0000	0.0408744	486.651	0.361008
885.0000	0.0413922	495.173	0.362734
884.0000	0.0416104	500.099	0.364421
883.0000	0.0419602	506.526	0.366027
882.0000	0.042137	511.464	0.368045
881.0000	0.0425407	518.626	0.369657
880.0000	0.0429264	525.768	0.37138
879.0000	0.0433264	533.558	0.373404
878.0000	0.0437778	542.229	0.375559
877.0000	0.0441365	550.1	0.377915
876.0000	0.044328	555.588	0.380035
875.0000	0.0446703	562.958	0.382126
874.0000	0.0450398	570.39	0.383994
873.0000	0.0454362	580.259	0.38723
872.0000	0.0458396	592	0.391589
871.0000	0.0463743	605.941	0.396189
870.0000	0.0466296	617.375	0.401455
869.0000	0.0470773	629.749	0.405607
868.0000	0.0474074	636.909	0.407362
867.0000	0.0478825	643.483	0.407482
866.0000	0.0482614	647.76	0.406971
865.0000	0.0488078	652.98	0.405658
864.0000	0.049199	655.516	0.403996
863.0000	0.0496365	658.772	0.402424
862.0000	0.0500759	660.741	0.400084
861.0000	0.0503748	661.346	0.398075
860.0000	0.0508263	662.492	0.395222
859.0000	0.0511272	662.337	0.392805
858.0000	0.051328	661.482	0.390762
857.0000	0.05143	660.619	0.389479
856.0000	0.0513875	658.613	0.388617
855.0000	0.0514967	656.995	0.386841
854.0000	0.0515698	654.812	0.385008
853.0000	0.0515553	653.009	0.384056
852.0000	0.0514078	650.448	0.383648
851.0000	0.0512328	648.271	0.38367
850.0000	0.0512147	646.017	0.382471
849.0000	0.0512099	643.763	0.381172
848.0000	0.0512626	641.619	0.379513
847.0000	0.0511248	639.061	0.379018
846.0000	0.0510885	636.639	0.37785
845.0000	0.0509346	633.661	0.377219
844.0000	0.0508712	631.265	0.37626
843.0000	0.0508533	628.444	0.374712
842.0000	0.0509073	624.953	0.372235
841.0000	0.0510745	619.964	0.368054
840.0000	0.0512249	613.495	0.363144
839.0000	0.050883	606.471	0.361399
838.0000	0.0503256	599.715	0.361331
837.0000	0.0495171	593.023	0.363133
836.0000	0.0489439	587.789	0.364143
835.0000	0.0486425	582.176	0.362901
834.0000	0.0485078	577.245	0.360826
833.0000	0.0483121	572.029	0.359014
832.0000	0.0480918	566.989	0.357481
831.0000	0.047891	562.4	0.356074
830.0000	0.047664	558.145	0.355063
829.0000	0.0476072	554.503	0.353167
828.0000	0.0475151	550.525	0.351313
827.0000	0.047374	546.551	0.349817
826.0000	0.0472442	541.922	0.347806
825.0000	0.0471401	537.043	0.345437
824.0000	0.0470025	532.221	0.343337
823.0000	0.0468072	527.638	0.341801
822.0000	0.046521	522.94	0.340842
821.0000	0.0463694	518.456	0.339024
820.0000	0.0461327	514.315	0.338041
819.0000	0.0459517	510.163	0.336633
818.0000	0.0456157	505.174	0.335797
817.0000	0.0453415	499.644	0.334129
816.0000	0.0450959	493.712	0.331961
815.0000	0.0447795	488.125	0.330523
814.0000	0.0444828	483.336	0.329462
813.0000	0.044321	478.312	0.327228
812.0000	0.04408	474.248	0.326222
811.0000	0.0439203	469.68	0.324254
810.0000	0.0437187	465.176	0.322626
809.0000	0.043457	460.4	0.321236
808.0000	0.0431354	455.591	0.320251
807.0000	0.0427381	450.607	0.319692
806.0000	0.042374	445.463	0.318759
805.0000	0.0420625	440.35	0.317434
804.0000	0.0418395	435.419	0.315551
803.0000	0.041477	430.612	0.314796
802.0000	0.0411664	425.426	0.313351
801.0000	0.0407691	419.264	0.311821
800.0000	0.0403728	413.185	0.310316
799.0000	0.0399552	407.19	0.30901
798.0000	0.0395823	401.226	0.307353
797.0000	0.0391647	395.457	0.306164
796.0000	0.0387785	389.451	0.304516
795.0000	0.0383494	383.339	0.303092
794.0000	0.0378477	376.998	0.302029
793.0000	0.0372875	370.659	0.301412
792.0000	0.0368133	364.295	0.300053
791.0000	0.0361239	356.879	0.299555
790.0000	0.0356673	349.658	0.29725
789.0000	0.0350454	342.093	0.29598
788.0000	0.0345596	335.954	0.294755
787.0000	0.0340468	330.382	0.294232
786.0000	0.0336067	326.154	0.294271
785.0000	0.0331658	321.609	0.294027
784.0000	0.0328517	316.893	0.292485
783.0000	0.0324302	312.05	0.291759
782.0000	0.0322138	307.42	0.28936
781.0000	0.0318909	302.395	0.287513
780.0000	0.0313934	296.549	0.286423
779.0000	0.030785	289.992	0.285625
778.0000	0.0301177	282.529	0.28444
777.0000	0.0293475	274.548	0.283659
776.0000	0.0285367	266.511	0.283178
775.0000	0.0276688	257.914	0.28264
774.0000	0.0269252	249.756	0.281259
773.0000	0.0261203	241.621	0.280483
772.0000	0.0253578	233.455	0.279153
771.0000	0.0245821	225.677	0.278368
770.0000	0.0237565	217.644	0.277788
769.0000	0.0228501	209.192	0.277591
768.0000	0.0219498	200.441	0.276889
767.0000	0.0210883	192.125	0.276243
766.0000	0.0202396	183.615	0.275077
765.0000	0.0193552	175.016	0.274176
764.0000	0.0184562	166.647	0.273782
763.0000	0.0175379	157.814	0.272846
762.0000	0.0166473	149.093	0.271559
761.0000	0.0157724	140.57	0.270235
760.0000	0.0148897	132.382	0.269584
759.0000	0.0139414	123.692	0.269021
758.0000	0.0128998	114.415	0.268935
757.0000	0.0118258	104.737	0.268547
756.0000	0.0107471	94.981	0.267975
755.0000	0.00955982	84.3908	0.267667
754.0000	0.00831964	73.3263	0.267242
753.0000	0.0070784	62.3215	0.266964
752.0000	0.00583387	51.1912	0.266065
751.0000	0.00463718	40.5014	0.264829
750.0000	0.00337183	29.4368	0.264712
749.0000	0.00211802	18.4312	0.26386
748.0000	0.000739147	6.43866	0.264128
747.0000	-0.00069675	-6.07067	0.264186
746.0000	-0.00222839	-19.3926	0.263872
745.0000	-0.00384988	-33.3598	0.26274
744.0000	-0.00543638	-47.025	0.262282
743.0000	-0.00714379	-61.7873	0.262253
742.0000	-0.00886631	-76.5661	0.261844
741.0000	-0.0106556	-91.89	0.261482
740.0000	-0.0124348	-106.912	0.260697
739.0000	-0.0142633	-122.442	0.26029
738.0000	-0.0160882	-138.067	0.260214
737.0000	-0.0179093	-153.74	0.26029
736.0000	-0.019883	-170.18	0.259522
735.0000	-0.0218212	-186.646	0.259352
734.0000	-0.0238438	-203.822	0.259195
733.0000	-0.0257586	-220.999	0.260146
732.0000	-0.0277108	-238.406	0.260867
731.0000	-0.029749	-255.666	0.260585
730.0000	-0.0316402	-272.937	0.261561
729.0000	-0.0337396	-291.428	0.261904
728.0000	-0.0359127	-309.654	0.261444
727.0000	-0.0382438	-328.521	0.260467
726.0000	-0.0406413	-349.184	0.260516
725.0000	-0.0429427	-369.9	0.261183
724.0000	-0.0455349	-392.369	0.261276
723.0000	-0.0482855	-415.539	0.260942
722.0000	-0.0511811	-438.974	0.260063
721.0000	-0.0543735	-463.696	0.25858
720.0000	-0.0571555	-487.971	0.258872
719.0000	-0.0599816	-512.797	0.259225
718.0000	-0.0626946	-538.042	0.260217
717.0000	-0.0653611	-563.109	0.26123
716.0000	-0.0682276	-588.182	0.261397
715.0000	-0.0707773	-612.611	0.262446
714.0000	-0.0734959	-638	0.263213
713.0000	-0.0765304	-663.558	0.262902
712.0000	-0.0791	-688.998	0.264114
711.0000	-0.0822197	-716.216	0.26413
710.0000	-0.0846533	-743.213	0.266206
709.0000	-0.0874247	-771.842	0.267697
708.0000	-0.090392	-801.215	0.268762
707.0000	-0.0935123	-830.552	0.269307
706.0000	-0.0962921	-859.609	0.270682
705.0000	-0.0991528	-889.309	0.271955
704.0000	-0.101884	-918.754	0.273427
703.0000	-0.105075	-949.286	0.273936
702.0000	-0.108336	-980.123	0.274319
701.0000	-0.111162	-1010.22	0.275554
700.0000	-0.114226	-1041.17	0.27638
699.0000	-0.117252	-1072.49	0.277346
698.0000	-0.120122	-1103.44	0.278531
697.0000	-0.123196	-1134.47	0.279219
696.0000	-0.126953	-1166.72	0.278659
695.0000	-0.130571	-1197.79	0.278152
694.0000	-0.133806	-1228.86	0.278469
693.0000	-0.136755	-1260.83	0.279552
692.0000	-0.139477	-1292.63	0.28101
691.0000	-0.142165	-1323.01	0.282177
690.0000	-0.144848	-1353.12	0.283252
689.0000	-0.148079	-1382.75	0.283139
688.0000	-0.150544	-1410.83	0.284158
687.0000	-0.152847	-1437.95	0.285256
686.0000	-0.154577	-1465.11	0.287392
685.0000	-0.156473	-1490.31	0.288792
684.0000	-0.158242	-1515.36	0.290365
683.0000	-0.15999	-1538.86	0.291646
682.0000	-0.161514	-1561.82	0.293203
681.0000	-0.163743	-1583.6	0.293246
680.0000	-0.165482	-1604.09	0.293918
679.0000	-0.167277	-1623.25	0.294239
678.0000	-0.168803	-1641.16	0.294794
677.0000	-0.170014	-1657.92	0.295684
676.0000	-0.170746	-1673.05	0.297104
675.0000	-0.171627	-1685.76	0.297824
674.0000	-0.171885	-1697.74	0.29949
673.0000	-0.171931	-1707.68	0.301162
672.0000	-0.171494	-1716.26	0.303448
671.0000	-0.17126	-1723.26	0.305103
670.0000	-0.171203	-1728.48	0.306128
669.0000	-0.17036	-1732.02	0.308273
668.0000	-0.170127	-1733.85	0.30902
667.0000	-0.169778	-1733.74	0.309637
666.0000	-0.169335	-1731.48	0.310042
665.0000	-0.167971	-1727.32	0.311808
664.0000	-0.166335	-1721.6	0.313832
663.0000	-0.164893	-1714.38	0.315249
662.0000	-0.163991	-1705.89	0.315413
661.0000	-0.162762	-1695.33	0.315829
660.0000	-0.161437	-1683.76	0.316247
659.0000	-0.159257	-1669.84	0.317926
658.0000	-0.157216	-1654.58	0.319111
657.0000	-0.155497	-1637.97	0.319399
656.0000	-0.153487	-1619.72	0.319977
655.0000	-0.151454	-1598.98	0.320118
654.0000	-0.148792	-1576.63	0.321292
653.0000	-0.145917	-1552.71	0.322651
652.0000	-0.142782	-1527.68	0.324422
651.0000	-0.140043	-1501.53	0.325104
650.0000	-0.137016	-1474.53	0.326312
649.0000	-0.134203	-1446.74	0.32687
648.0000	-0.131102	-1418.44	0.328057
647.0000	-0.128078	-1389.65	0.328989
646.0000	-0.124835	-1360.1	0.330357
645.0000	-0.121696	-1330.34	0.331463
644.0000	-0.11853	-1299.93	0.332539
643.0000	-0.115246	-1269.19	0.333929
642.0000	-0.112244	-1238.31	0.334517
641.0000	-0.109125	-1206.52	0.335243
640.0000	-0.106015	-1174.65	0.335962
639.0000	-0.102999	-1141.92	0.336165
638.0000	-0.100009	-1108.71	0.336147
637.0000	-0.0968654	-1076.2	0.336878
636.0000	-0.0934782	-1042.67	0.338209
635.0000	-0.090062	-1010.78	0.340302
634.0000	-0.0867928	-979.156	0.342072
633.0000	-0.0837878	-947.867	0.343017
632.0000	-0.0810575	-917.465	0.343199
631.0000	-0.0781579	-886.627	0.343968
630.0000	-0.0753537	-856.639	0.344701
629.0000	-0.0726985	-826.099	0.344553
628.0000	-0.0698307	-795.048	0.34522
627.0000	-0.067146	-764.259	0.34512
626.0000	-0.0641946	-733.216	0.346324
625.0000	-0.0617073	-703.438	0.345652
624.0000	-0.0589867	-674.148	0.346538
623.0000	-0.056324	-645.981	0.347757
622.0000	-0.053771	-619.001	0.349054
621.0000	-0.0513226	-592.444	0.350016
620.0000	-0.0491306	-567.68	0.350349
619.0000	-0.0470087	-543.093	0.350304
618.0000	-0.0449153	-518.396	0.349959
617.0000	-0.0427588	-494.922	0.350963
616.0000	-0.0406403	-470.816	0.351273
615.0000	-0.0385028	-447.621	0.352507
614.0000	-0.0364313	-424.731	0.3535
613.0000	-0.0345573	-402.942	0.353551
612.0000	-0.0326158	-381.926	0.355059
611.0000	-0.0307554	-361.316	0.356218
610.0000	-0.0289675	-341.858	0.357837
609.0000	-0.02726	-322.972	0.359242
608.0000	-0.0256472	-304.503	0.359998
607.0000	-0.0240931	-286.782	0.360918
606.0000	-0.0226253	-269.536	0.36122
605.0000	-0.021231	-252.882	0.361157
604.0000	-0.0198558	-236.994	0.361908
603.0000	-0.0185257	-221.233	0.362098
602.0000	-0.0171987	-205.83	0.362879
601.0000	-0.0159398	-190.974	0.363279
600.0000	-0.0147688	-176.894	0.363174
599.0000	-0.0135887	-162.867	0.363416
598.0000	-0.0124673	-149.559	0.36374
597.0000	-0.0114202	-136.975	0.363679
596.0000	-0.0103656	-124.411	0.363926
595.0000	-0.00940137	-112.764	0.363689
594.0000	-0.00843674	-101.174	0.363615
593.0000	-0.00746608	-89.6674	0.364159
592.0000	-0.00654583	-78.6133	0.36415
591.0000	-0.00567503	-67.9877	0.363255
590.0000	-0.00480252	-57.4282	0.362581
589.0000	-0.00396346	-47.3535	0.362266
588.0000	-0.00314139	-37.4711	0.361679
587.0000	-0.00232827	-27.7575	0.361489
586.0000	-0.00156814	-18.6681	0.360964
585.0000	-0.000814918	-9.69933	0.360892
584.0000	-9.71266E-005	-1.15648	0.361034
583.0000	0.000625218	7.43713	0.360681
582.0000	0.00135629	16.0944	0.359809
581.0000	0.00206877	24.4664	0.358599
580.0000	0.00278018	32.8509	0.358281
579.0000	0.00344905	40.7118	0.357907
578.0000	0.00410385	48.5691	0.358854
577.0000	0.00475524	56.0728	0.357544
576.0000	0.00537554	63.2187	0.356593
575.0000	0.0059589	69.8323	0.355337
574.0000	0.00651	75.9482	0.353741
573.0000	0.00703606	81.9094	0.352983
572.0000	0.00754463	87.6974	0.352451
571.0000	0.0080494	93.3675	0.351707
570.0000	0.00850755	98.5658	0.351294
569.0000	0.00894441	103.441	0.350664
568.0000	0.00934599	107.982	0.350328
567.0000	0.00970175	111.874	0.349646
566.0000	0.010072	115.435	0.347515
565.0000	0.0104024	118.743	0.346117
564.0000	0.0106523	121.454	0.345714
563.0000	0.010863	123.685	0.345238
562.0000	0.0110333	125.568	0.345082
561.0000	0.0111987	126.942	0.343706
560.0000	0.0113463	128.054	0.342206
559.0000	0.0114526	128.921	0.341328
558.0000	0.0115341	129.431	0.340254
557.0000	0.0115733	129.552	0.339417
556.0000	0.0115892	129.188	0.337999
555.0000	0.011564	128.535	0.337026
554.0000	0.0115222	127.729	0.336127
553.0000	0.0114815	126.741	0.334708
552.0000	0.0114031	125.359	0.333335
551.0000	0.0113011	123.756	0.332043
550.0000	0.0111473	121.972	0.331773
549.0000	0.0110005	120.018	0.330811
548.0000	0.0108573	117.86	0.329149
547.0000	0.0107109	115.54	0.327084
546.0000	0.0105674	113.344	0.325222
545.0000	0.0103887	110.667	0.323002
544.0000	0.0101765	108.041	0.321914
543.0000	0.00993374	105.255	0.321277
542.0000	0.00967846	102.351	0.320651
541.0000	0.00941952	99.4705	0.320195
540.0000	0.00919467	96.507	0.318253
539.0000	0.00894361	93.6958	0.317656
538.0000	0.00868544	90.7003	0.31664
537.0000	0.00842182	87.7733	0.316014
536.0000	0.00818865	84.7949	0.313983
535.0000	0.00793247	81.7072	0.312321
534.0000	0.00769373	78.7653	0.310418
533.0000	0.00744564	75.9249	0.309195
532.0000	0.00719262	73.0269	0.307854
531.0000	0.00691071	70.0221	0.307228
530.0000	0.00663135	66.9318	0.306041
529.0000	0.0063862	64.2559	0.305084
528.0000	0.00617046	61.6568	0.302979
527.0000	0.00591578	58.9184	0.301987
526.0000	0.00565958	56.1395	0.300769
525.0000	0.00540386	53.5357	0.300392
524.0000	0.00516202	51.0808	0.300046
523.0000	0.00492725	48.5735	0.298912
522.0000	0.00468597	46.0353	0.297879
521.0000	0.00446151	43.5989	0.296308
520.0000	0.00423907	41.2828	0.295289
519.0000	0.00404019	39.1029	0.293465
518.0000	0.00382929	36.7948	0.291351
517.0000	0.00361057	34.5095	0.289809
516.0000	0.00338961	32.3586	0.28946
515.0000	0.00317032	30.2715	0.289521
514.0000	0.00297143	28.2517	0.288289
513.0000	0.00277422	26.3073	0.287531
512.0000	0.00256987	24.1819	0.285318
511.0000	0.00239005	22.3938	0.284099
510.0000	0.00220445	20.5529	0.282698
509.0000	0.00201742	18.7584	0.281934
508.0000	0.00184267	17.0908	0.281232
507.0000	0.00165609	15.3122	0.280352
506.0000	0.00149876	13.7845	0.278874
505.0000	0.00134009	12.2299	0.276718
504.0000	0.00118192	10.7689	0.276267
503.0000	0.00102364	9.31325	0.275869
502.0000	0.000875599	7.93331	0.274725
501.0000	0.000715665	6.46499	0.27391
500.0000	0.000566321	5.09682	0.272889
499.0000	0.000423219	3.8073	0.272773
498.0000	0.000291703	2.62107	0.272451
497.0000	0.000164812	1.48028	0.272335
496.0000	2.56333E-005	0.230097	0.272179
495.0000	-0.000105529	-0.945626	0.271704
494.0000	-0.0002433	-2.17754	0.271377
493.0000	-0.00036527	-3.26324	0.270885
492.0000	-0.000475194	-4.22715	0.269728
491.0000	-0.000573414	-5.10624	0.270012
490.0000	-0.000677427	-6.02764	0.269795
489.0000	-0.000780163	-6.94881	0.270069
488.0000	-0.000877831	-7.81554	0.269959
487.0000	-0.000980678	-8.71863	0.26957
486.0000	-0.00106505	-9.47282	0.269685
485.0000	-0.00113875	-10.1487	0.270229
484.0000	-0.00123044	-10.9613	0.270116
483.0000	-0.00131314	-11.7461	0.271227
482.0000	-0.00140547	-12.6014	0.27186
481.0000	-0.00150017	-13.418	0.271204
480.0000	-0.00156987	-13.9928	0.270265
479.0000	-0.00164124	-14.594	0.269619
478.0000	-0.00171875	-15.2343	0.268757
477.0000	-0.00177901	-15.7887	0.269103
476.0000	-0.00185438	-16.407	0.268274
475.0000	-0.00191907	-16.9558	0.267902
474.0000	-0.00196871	-17.436	0.268544
473.0000	-0.00202165	-17.9097	0.268617
472.0000	-0.00207099	-18.2951	0.267859
471.0000	-0.0021032	-18.6154	0.268374
470.0000	-0.00213761	-18.9817	0.26925
469.0000	-0.00215104	-19.289	0.271902
468.0000	-0.0021755	-19.5355	0.272279
467.0000	-0.00221294	-19.9419	0.273241
466.0000	-0.00227822	-20.5326	0.273273
465.0000	-0.0023168	-20.9777	0.274549
464.0000	-0.00235398	-21.3743	0.27532
463.0000	-0.0023829	-21.7078	0.276223
462.0000	-0.00241493	-22.0534	0.276898
461.0000	-0.0024355	-22.3583	0.278355
460.0000	-0.00248165	-22.7381	0.27782
459.0000	-0.00252091	-22.9823	0.276431
458.0000	-0.00255123	-23.2429	0.276243
457.0000	-0.00256889	-23.4371	0.276635
456.0000	-0.00258285	-23.7224	0.27849
455.0000	-0.0026001	-23.9399	0.279179
454.0000	-0.00262203	-24.1434	0.279197
453.0000	-0.00263663	-24.393	0.280521
452.0000	-0.00265546	-24.57	0.280553
451.0000	-0.00266503	-24.7875	0.28202
450.0000	-0.00269171	-25.0394	0.282063
449.0000	-0.00270468	-25.2077	0.282597
448.0000	-0.00270459	-25.2919	0.28355
447.0000	-0.00272574	-25.415	0.282719
446.0000	-0.00274758	-25.6108	0.282632
445.0000	-0.00276808	-25.7253	0.281794
444.0000	-0.00279225	-25.9562	0.281862
443.0000	-0.00278647	-25.9705	0.282603
442.0000	-0.00279579	-26.0244	0.282245
441.0000	-0.00278339	-25.9855	0.283078
440.0000	-0.00279634	-26.0233	0.282177
439.0000	-0.00278473	-26.0525	0.283671
438.0000	-0.00279008	-26.1089	0.283741
437.0000	-0.0027867	-26.1049	0.284041
436.0000	-0.00279211	-26.1374	0.283843
435.0000	-0.00280295	-26.2355	0.283807
434.0000	-0.00282859	-26.4328	0.283349
433.0000	-0.00283773	-26.4911	0.28306
432.0000	-0.00283054	-26.4332	0.283159
431.0000	-0.00282735	-26.4298	0.283441
430.0000	-0.0028153	-26.3596	0.283899
429.0000	-0.00281543	-26.4301	0.284645
428.0000	-0.00281116	-26.4095	0.284855
427.0000	-0.00281175	-26.4175	0.284882
426.0000	-0.00281399	-26.4055	0.284526
425.0000	-0.00281795	-26.3541	0.283572
424.0000	-0.00282196	-26.3394	0.283011
423.0000	-0.00284137	-26.4149	0.281883
422.0000	-0.00284455	-26.3747	0.28114
421.0000	-0.00282981	-26.3243	0.282064
420.0000	-0.00281647	-26.2524	0.282626
419.0000	-0.00280737	-26.2056	0.283038
418.0000	-0.00279249	-26.0633	0.283001
417.0000	-0.0027866	-25.9667	0.282548
416.0000	-0.0027885	-25.9202	0.281849
415.0000	-0.00278886	-25.9117	0.281721
414.0000	-0.00278147	-25.8815	0.28214
413.0000	-0.00276208	-25.8042	0.283272
412.0000	-0.00274413	-25.7033	0.284009
411.0000	-0.0027423	-25.6539	0.283652
410.0000	-0.00274875	-25.6417	0.282853
409.0000	-0.00275522	-25.6677	0.282475
408.0000	-0.00274267	-25.6084	0.283113
407.0000	-0.00272314	-25.4635	0.283528
406.0000	-0.00271373	-25.3774	0.28355
405.0000	-0.00270099	-25.2819	0.283815
404.0000	-0.00269864	-25.1803	0.282921
403.0000	-0.00268723	-25.0814	0.283006
402.0000	-0.00269299	-25.0052	0.281543
401.0000	-0.00268611	-24.875	0.280794
400.0000	-0.00267815	-24.7988	0.280766